
     RDKit          2D

 29 32  0  0  0  0  0  0  0  0999 V2000
    5.4933   -0.5518    0.0000 C   0  0  0  0  0  0  0  0  0  0  0  0
    6.9199   -0.0882    0.0000 R   0  0  0  0  0  1  0  0  0  0  0  0
    5.1814   -2.0190    0.0000 C   0  0  0  0  0  0  0  0  0  0  0  0
    3.7548   -2.4825    0.0000 C   0  0  0  0  0  0  0  0  0  0  0  0
    2.6401   -1.4788    0.0000 C   0  0  0  0  0  0  0  0  0  0  0  0
    1.2135   -1.9423    0.0000 N   0  0  0  0  0  0  0  0  0  0  0  0
    0.7500   -3.3689    0.0000 C   0  0  0  0  0  0  0  0  0  0  0  0
    1.6317   -4.5824    0.0000 C   0  0  0  0  0  0  0  0  0  0  0  0
   -0.7500   -3.3689    0.0000 N   0  0  0  0  0  0  0  0  0  0  0  0
   -1.6317   -4.5824    0.0000 C   0  0  0  0  0  0  0  0  0  0  0  0
   -3.1235   -4.4257    0.0000 C   0  0  0  0  0  0  0  0  0  0  0  0
   -4.0051   -5.6392    0.0000 C   0  0  0  0  0  0  0  0  0  0  0  0
   -3.3950   -7.0095    0.0000 C   0  0  0  0  0  0  0  0  0  0  0  0
   -4.2767   -8.2230    0.0000 C   0  0  0  0  0  0  0  0  0  0  0  0
   -5.1584   -9.4366    0.0000 N   0  0  0  0  0  0  0  0  0  0  0  0
   -1.9033   -7.1663    0.0000 C   0  0  0  0  0  0  0  0  0  0  0  0
   -1.2931   -8.5366    0.0000 C   0  0  0  0  0  0  0  0  0  0  0  0
   -0.6830   -9.9069    0.0000 F   0  0  0  0  0  0  0  0  0  0  0  0
    0.0772   -7.9265    0.0000 F   0  0  0  0  0  0  0  0  0  0  0  0
   -2.6635   -9.1467    0.0000 F   0  0  0  0  0  0  0  0  0  0  0  0
   -1.0216   -5.9528    0.0000 C   0  0  0  0  0  0  0  0  0  0  0  0
   -1.2135   -1.9423    0.0000 C   0  0  0  0  0  0  0  0  0  0  0  0
   -2.6401   -1.4788    0.0000 O   0  0  0  0  0  0  0  0  0  0  0  0
   -0.0000   -1.0607    0.0000 C   0  0  0  0  0  0  0  0  0  0  0  0
    1.0607    0.0000    0.0000 C   0  0  0  0  0  0  0  0  0  0  0  0
    0.0000    1.0607    0.0000 C   0  0  0  0  0  0  0  0  0  0  0  0
   -1.0607    0.0000    0.0000 C   0  0  0  0  0  0  0  0  0  0  0  0
    2.9520   -0.0116    0.0000 C   0  0  0  0  0  0  0  0  0  0  0  0
    4.3786    0.4519    0.0000 C   0  0  0  0  0  0  0  0  0  0  0  0
  1  2  1  0
  1  3  2  0
  3  4  1  0
  4  5  2  0
  5  6  1  0
  6  7  1  0
  7  8  2  0
  7  9  1  0
  9 10  1  0
 10 11  2  0
 11 12  1  0
 12 13  2  0
 13 14  1  0
 14 15  3  0
 13 16  1  0
 16 17  1  0
 17 18  1  0
 17 19  1  0
 17 20  1  0
 16 21  2  0
  9 22  1  0
 22 23  2  0
 22 24  1  0
 24 25  1  0
 25 26  1  0
 26 27  1  0
  5 28  1  0
 28 29  2  0
 29  1  1  0
 24  6  1  0
 21 10  1  0
 27 24  1  0
M  END
$$$$

     RDKit          2D

 29 32  0  0  0  0  0  0  0  0999 V2000
    5.4933   -0.5518    0.0000 C   0  0  0  0  0  0  0  0  0  0  0  0
    6.9199   -0.0882    0.0000 R   0  0  0  0  0  1  0  0  0  0  0  0
    5.1814   -2.0190    0.0000 C   0  0  0  0  0  0  0  0  0  0  0  0
    3.7548   -2.4825    0.0000 C   0  0  0  0  0  0  0  0  0  0  0  0
    2.6401   -1.4788    0.0000 C   0  0  0  0  0  0  0  0  0  0  0  0
    1.2135   -1.9423    0.0000 N   0  0  0  0  0  0  0  0  0  0  0  0
    0.7500   -3.3689    0.0000 C   0  0  0  0  0  0  0  0  0  0  0  0
    1.6317   -4.5824    0.0000 C   0  0  0  0  0  0  0  0  0  0  0  0
   -0.7500   -3.3689    0.0000 N   0  0  0  0  0  0  0  0  0  0  0  0
   -1.6317   -4.5824    0.0000 C   0  0  0  0  0  0  0  0  0  0  0  0
   -3.1235   -4.4257    0.0000 C   0  0  0  0  0  0  0  0  0  0  0  0
   -4.0051   -5.6392    0.0000 C   0  0  0  0  0  0  0  0  0  0  0  0
   -3.3950   -7.0095    0.0000 C   0  0  0  0  0  0  0  0  0  0  0  0
   -4.2767   -8.2230    0.0000 C   0  0  0  0  0  0  0  0  0  0  0  0
   -5.1584   -9.4366    0.0000 N   0  0  0  0  0  0  0  0  0  0  0  0
   -1.9033   -7.1663    0.0000 C   0  0  0  0  0  0  0  0  0  0  0  0
   -1.2931   -8.5366    0.0000 C   0  0  0  0  0  0  0  0  0  0  0  0
   -0.6830   -9.9069    0.0000 F   0  0  0  0  0  0  0  0  0  0  0  0
    0.0772   -7.9265    0.0000 F   0  0  0  0  0  0  0  0  0  0  0  0
   -2.6635   -9.1467    0.0000 F   0  0  0  0  0  0  0  0  0  0  0  0
   -1.0216   -5.9528    0.0000 C   0  0  0  0  0  0  0  0  0  0  0  0
   -1.2135   -1.9423    0.0000 C   0  0  0  0  0  0  0  0  0  0  0  0
   -2.6401   -1.4788    0.0000 O   0  0  0  0  0  0  0  0  0  0  0  0
   -0.0000   -1.0607    0.0000 C   0  0  0  0  0  0  0  0  0  0  0  0
    1.0607    0.0000    0.0000 C   0  0  0  0  0  0  0  0  0  0  0  0
    0.0000    1.0607    0.0000 C   0  0  0  0  0  0  0  0  0  0  0  0
   -1.0607    0.0000    0.0000 C   0  0  0  0  0  0  0  0  0  0  0  0
    2.9520   -0.0116    0.0000 C   0  0  0  0  0  0  0  0  0  0  0  0
    4.3786    0.4519    0.0000 C   0  0  0  0  0  0  0  0  0  0  0  0
  1  2  1  0
  1  3  2  0
  3  4  1  0
  4  5  2  0
  5  6  1  0
  6  7  1  0
  7  8  2  0
  7  9  1  0
  9 10  1  0
 10 11  2  0
 11 12  1  0
 12 13  2  0
 13 14  1  0
 14 15  3  0
 13 16  1  0
 16 17  1  0
 17 18  1  0
 17 19  1  0
 17 20  1  0
 16 21  2  0
  9 22  1  0
 22 23  2  0
 22 24  1  0
 24 25  1  0
 25 26  1  0
 26 27  1  0
  5 28  1  0
 28 29  2  0
 29  1  1  0
 24  6  1  0
 21 10  1  0
 27 24  1  0
M  END
$$$$

     RDKit          2D

 29 32  0  0  0  0  0  0  0  0999 V2000
    5.4933   -0.5518    0.0000 C   0  0  0  0  0  0  0  0  0  0  0  0
    6.9199   -0.0882    0.0000 R   0  0  0  0  0  1  0  0  0  0  0  0
    5.1814   -2.0190    0.0000 C   0  0  0  0  0  0  0  0  0  0  0  0
    3.7548   -2.4825    0.0000 C   0  0  0  0  0  0  0  0  0  0  0  0
    2.6401   -1.4788    0.0000 C   0  0  0  0  0  0  0  0  0  0  0  0
    1.2135   -1.9423    0.0000 N   0  0  0  0  0  0  0  0  0  0  0  0
    0.7500   -3.3689    0.0000 C   0  0  0  0  0  0  0  0  0  0  0  0
    1.6317   -4.5824    0.0000 C   0  0  0  0  0  0  0  0  0  0  0  0
   -0.7500   -3.3689    0.0000 N   0  0  0  0  0  0  0  0  0  0  0  0
   -1.6317   -4.5824    0.0000 C   0  0  0  0  0  0  0  0  0  0  0  0
   -3.1235   -4.4257    0.0000 C   0  0  0  0  0  0  0  0  0  0  0  0
   -4.0051   -5.6392    0.0000 C   0  0  0  0  0  0  0  0  0  0  0  0
   -3.3950   -7.0095    0.0000 C   0  0  0  0  0  0  0  0  0  0  0  0
   -4.2767   -8.2230    0.0000 C   0  0  0  0  0  0  0  0  0  0  0  0
   -5.1584   -9.4366    0.0000 N   0  0  0  0  0  0  0  0  0  0  0  0
   -1.9033   -7.1663    0.0000 C   0  0  0  0  0  0  0  0  0  0  0  0
   -1.2931   -8.5366    0.0000 C   0  0  0  0  0  0  0  0  0  0  0  0
   -0.6830   -9.9069    0.0000 F   0  0  0  0  0  0  0  0  0  0  0  0
    0.0772   -7.9265    0.0000 F   0  0  0  0  0  0  0  0  0  0  0  0
   -2.6635   -9.1467    0.0000 F   0  0  0  0  0  0  0  0  0  0  0  0
   -1.0216   -5.9528    0.0000 C   0  0  0  0  0  0  0  0  0  0  0  0
   -1.2135   -1.9423    0.0000 C   0  0  0  0  0  0  0  0  0  0  0  0
   -2.6401   -1.4788    0.0000 O   0  0  0  0  0  0  0  0  0  0  0  0
   -0.0000   -1.0607    0.0000 C   0  0  0  0  0  0  0  0  0  0  0  0
    1.0607    0.0000    0.0000 C   0  0  0  0  0  0  0  0  0  0  0  0
    0.0000    1.0607    0.0000 C   0  0  0  0  0  0  0  0  0  0  0  0
   -1.0607    0.0000    0.0000 C   0  0  0  0  0  0  0  0  0  0  0  0
    2.9520   -0.0116    0.0000 C   0  0  0  0  0  0  0  0  0  0  0  0
    4.3786    0.4519    0.0000 C   0  0  0  0  0  0  0  0  0  0  0  0
  1  2  1  0
  1  3  2  0
  3  4  1  0
  4  5  2  0
  5  6  1  0
  6  7  1  0
  7  8  2  0
  7  9  1  0
  9 10  1  0
 10 11  2  0
 11 12  1  0
 12 13  2  0
 13 14  1  0
 14 15  3  0
 13 16  1  0
 16 17  1  0
 17 18  1  0
 17 19  1  0
 17 20  1  0
 16 21  2  0
  9 22  1  0
 22 23  2  0
 22 24  1  0
 24 25  1  0
 25 26  1  0
 26 27  1  0
  5 28  1  0
 28 29  2  0
 29  1  1  0
 24  6  1  0
 21 10  1  0
 27 24  1  0
M  END
$$$$

     RDKit          2D

 29 32  0  0  0  0  0  0  0  0999 V2000
    5.4933   -0.5518    0.0000 C   0  0  0  0  0  0  0  0  0  0  0  0
    6.9199   -0.0882    0.0000 R   0  0  0  0  0  1  0  0  0  0  0  0
    5.1814   -2.0190    0.0000 C   0  0  0  0  0  0  0  0  0  0  0  0
    3.7548   -2.4825    0.0000 C   0  0  0  0  0  0  0  0  0  0  0  0
    2.6401   -1.4788    0.0000 C   0  0  0  0  0  0  0  0  0  0  0  0
    1.2135   -1.9423    0.0000 N   0  0  0  0  0  0  0  0  0  0  0  0
    0.7500   -3.3689    0.0000 C   0  0  0  0  0  0  0  0  0  0  0  0
    1.6317   -4.5824    0.0000 C   0  0  0  0  0  0  0  0  0  0  0  0
   -0.7500   -3.3689    0.0000 N   0  0  0  0  0  0  0  0  0  0  0  0
   -1.6317   -4.5824    0.0000 C   0  0  0  0  0  0  0  0  0  0  0  0
   -3.1235   -4.4257    0.0000 C   0  0  0  0  0  0  0  0  0  0  0  0
   -4.0051   -5.6392    0.0000 C   0  0  0  0  0  0  0  0  0  0  0  0
   -3.3950   -7.0095    0.0000 C   0  0  0  0  0  0  0  0  0  0  0  0
   -4.2767   -8.2230    0.0000 C   0  0  0  0  0  0  0  0  0  0  0  0
   -5.1584   -9.4366    0.0000 N   0  0  0  0  0  0  0  0  0  0  0  0
   -1.9033   -7.1663    0.0000 C   0  0  0  0  0  0  0  0  0  0  0  0
   -1.2931   -8.5366    0.0000 C   0  0  0  0  0  0  0  0  0  0  0  0
   -0.6830   -9.9069    0.0000 F   0  0  0  0  0  0  0  0  0  0  0  0
    0.0772   -7.9265    0.0000 F   0  0  0  0  0  0  0  0  0  0  0  0
   -2.6635   -9.1467    0.0000 F   0  0  0  0  0  0  0  0  0  0  0  0
   -1.0216   -5.9528    0.0000 C   0  0  0  0  0  0  0  0  0  0  0  0
   -1.2135   -1.9423    0.0000 C   0  0  0  0  0  0  0  0  0  0  0  0
   -2.6401   -1.4788    0.0000 O   0  0  0  0  0  0  0  0  0  0  0  0
   -0.0000   -1.0607    0.0000 C   0  0  0  0  0  0  0  0  0  0  0  0
    1.0607    0.0000    0.0000 C   0  0  0  0  0  0  0  0  0  0  0  0
    0.0000    1.0607    0.0000 C   0  0  0  0  0  0  0  0  0  0  0  0
   -1.0607    0.0000    0.0000 C   0  0  0  0  0  0  0  0  0  0  0  0
    2.9520   -0.0116    0.0000 C   0  0  0  0  0  0  0  0  0  0  0  0
    4.3786    0.4519    0.0000 C   0  0  0  0  0  0  0  0  0  0  0  0
  1  2  1  0
  1  3  2  0
  3  4  1  0
  4  5  2  0
  5  6  1  0
  6  7  1  0
  7  8  2  0
  7  9  1  0
  9 10  1  0
 10 11  2  0
 11 12  1  0
 12 13  2  0
 13 14  1  0
 14 15  3  0
 13 16  1  0
 16 17  1  0
 17 18  1  0
 17 19  1  0
 17 20  1  0
 16 21  2  0
  9 22  1  0
 22 23  2  0
 22 24  1  0
 24 25  1  0
 25 26  1  0
 26 27  1  0
  5 28  1  0
 28 29  2  0
 29  1  1  0
 24  6  1  0
 21 10  1  0
 27 24  1  0
M  END
$$$$

     RDKit          2D

 29 32  0  0  0  0  0  0  0  0999 V2000
    5.4933   -0.5518    0.0000 C   0  0  0  0  0  0  0  0  0  0  0  0
    6.9199   -0.0882    0.0000 R   0  0  0  0  0  1  0  0  0  0  0  0
    5.1814   -2.0190    0.0000 C   0  0  0  0  0  0  0  0  0  0  0  0
    3.7548   -2.4825    0.0000 C   0  0  0  0  0  0  0  0  0  0  0  0
    2.6401   -1.4788    0.0000 C   0  0  0  0  0  0  0  0  0  0  0  0
    1.2135   -1.9423    0.0000 N   0  0  0  0  0  0  0  0  0  0  0  0
    0.7500   -3.3689    0.0000 C   0  0  0  0  0  0  0  0  0  0  0  0
    1.6317   -4.5824    0.0000 C   0  0  0  0  0  0  0  0  0  0  0  0
   -0.7500   -3.3689    0.0000 N   0  0  0  0  0  0  0  0  0  0  0  0
   -1.6317   -4.5824    0.0000 C   0  0  0  0  0  0  0  0  0  0  0  0
   -3.1235   -4.4257    0.0000 C   0  0  0  0  0  0  0  0  0  0  0  0
   -4.0051   -5.6392    0.0000 C   0  0  0  0  0  0  0  0  0  0  0  0
   -3.3950   -7.0095    0.0000 C   0  0  0  0  0  0  0  0  0  0  0  0
   -4.2767   -8.2230    0.0000 C   0  0  0  0  0  0  0  0  0  0  0  0
   -5.1584   -9.4366    0.0000 N   0  0  0  0  0  0  0  0  0  0  0  0
   -1.9033   -7.1663    0.0000 C   0  0  0  0  0  0  0  0  0  0  0  0
   -1.2931   -8.5366    0.0000 C   0  0  0  0  0  0  0  0  0  0  0  0
   -0.6830   -9.9069    0.0000 F   0  0  0  0  0  0  0  0  0  0  0  0
    0.0772   -7.9265    0.0000 F   0  0  0  0  0  0  0  0  0  0  0  0
   -2.6635   -9.1467    0.0000 F   0  0  0  0  0  0  0  0  0  0  0  0
   -1.0216   -5.9528    0.0000 C   0  0  0  0  0  0  0  0  0  0  0  0
   -1.2135   -1.9423    0.0000 C   0  0  0  0  0  0  0  0  0  0  0  0
   -2.6401   -1.4788    0.0000 O   0  0  0  0  0  0  0  0  0  0  0  0
   -0.0000   -1.0607    0.0000 C   0  0  0  0  0  0  0  0  0  0  0  0
    1.0607    0.0000    0.0000 C   0  0  0  0  0  0  0  0  0  0  0  0
    0.0000    1.0607    0.0000 C   0  0  0  0  0  0  0  0  0  0  0  0
   -1.0607    0.0000    0.0000 C   0  0  0  0  0  0  0  0  0  0  0  0
    2.9520   -0.0116    0.0000 C   0  0  0  0  0  0  0  0  0  0  0  0
    4.3786    0.4519    0.0000 C   0  0  0  0  0  0  0  0  0  0  0  0
  1  2  1  0
  1  3  2  0
  3  4  1  0
  4  5  2  0
  5  6  1  0
  6  7  1  0
  7  8  2  0
  7  9  1  0
  9 10  1  0
 10 11  2  0
 11 12  1  0
 12 13  2  0
 13 14  1  0
 14 15  3  0
 13 16  1  0
 16 17  1  0
 17 18  1  0
 17 19  1  0
 17 20  1  0
 16 21  2  0
  9 22  1  0
 22 23  2  0
 22 24  1  0
 24 25  1  0
 25 26  1  0
 26 27  1  0
  5 28  1  0
 28 29  2  0
 29  1  1  0
 24  6  1  0
 21 10  1  0
 27 24  1  0
M  END
$$$$

     RDKit          2D

 29 32  0  0  0  0  0  0  0  0999 V2000
    5.4933   -0.5518    0.0000 C   0  0  0  0  0  0  0  0  0  0  0  0
    6.9199   -0.0882    0.0000 R   0  0  0  0  0  1  0  0  0  0  0  0
    5.1814   -2.0190    0.0000 C   0  0  0  0  0  0  0  0  0  0  0  0
    3.7548   -2.4825    0.0000 C   0  0  0  0  0  0  0  0  0  0  0  0
    2.6401   -1.4788    0.0000 C   0  0  0  0  0  0  0  0  0  0  0  0
    1.2135   -1.9423    0.0000 N   0  0  0  0  0  0  0  0  0  0  0  0
    0.7500   -3.3689    0.0000 C   0  0  0  0  0  0  0  0  0  0  0  0
    1.6317   -4.5824    0.0000 C   0  0  0  0  0  0  0  0  0  0  0  0
   -0.7500   -3.3689    0.0000 N   0  0  0  0  0  0  0  0  0  0  0  0
   -1.6317   -4.5824    0.0000 C   0  0  0  0  0  0  0  0  0  0  0  0
   -3.1235   -4.4257    0.0000 C   0  0  0  0  0  0  0  0  0  0  0  0
   -4.0051   -5.6392    0.0000 C   0  0  0  0  0  0  0  0  0  0  0  0
   -3.3950   -7.0095    0.0000 C   0  0  0  0  0  0  0  0  0  0  0  0
   -4.2767   -8.2230    0.0000 C   0  0  0  0  0  0  0  0  0  0  0  0
   -5.1584   -9.4366    0.0000 N   0  0  0  0  0  0  0  0  0  0  0  0
   -1.9033   -7.1663    0.0000 C   0  0  0  0  0  0  0  0  0  0  0  0
   -1.2931   -8.5366    0.0000 C   0  0  0  0  0  0  0  0  0  0  0  0
   -0.6830   -9.9069    0.0000 F   0  0  0  0  0  0  0  0  0  0  0  0
    0.0772   -7.9265    0.0000 F   0  0  0  0  0  0  0  0  0  0  0  0
   -2.6635   -9.1467    0.0000 F   0  0  0  0  0  0  0  0  0  0  0  0
   -1.0216   -5.9528    0.0000 C   0  0  0  0  0  0  0  0  0  0  0  0
   -1.2135   -1.9423    0.0000 C   0  0  0  0  0  0  0  0  0  0  0  0
   -2.6401   -1.4788    0.0000 O   0  0  0  0  0  0  0  0  0  0  0  0
   -0.0000   -1.0607    0.0000 C   0  0  0  0  0  0  0  0  0  0  0  0
    1.0607    0.0000    0.0000 C   0  0  0  0  0  0  0  0  0  0  0  0
    0.0000    1.0607    0.0000 C   0  0  0  0  0  0  0  0  0  0  0  0
   -1.0607    0.0000    0.0000 C   0  0  0  0  0  0  0  0  0  0  0  0
    2.9520   -0.0116    0.0000 C   0  0  0  0  0  0  0  0  0  0  0  0
    4.3786    0.4519    0.0000 C   0  0  0  0  0  0  0  0  0  0  0  0
  1  2  1  0
  1  3  2  0
  3  4  1  0
  4  5  2  0
  5  6  1  0
  6  7  1  0
  7  8  2  0
  7  9  1  0
  9 10  1  0
 10 11  2  0
 11 12  1  0
 12 13  2  0
 13 14  1  0
 14 15  3  0
 13 16  1  0
 16 17  1  0
 17 18  1  0
 17 19  1  0
 17 20  1  0
 16 21  2  0
  9 22  1  0
 22 23  2  0
 22 24  1  0
 24 25  1  0
 25 26  1  0
 26 27  1  0
  5 28  1  0
 28 29  2  0
 29  1  1  0
 24  6  1  0
 21 10  1  0
 27 24  1  0
M  END
$$$$

     RDKit          2D

 29 32  0  0  0  0  0  0  0  0999 V2000
    5.4933   -0.5518    0.0000 C   0  0  0  0  0  0  0  0  0  0  0  0
    6.9199   -0.0882    0.0000 R   0  0  0  0  0  1  0  0  0  0  0  0
    5.1814   -2.0190    0.0000 C   0  0  0  0  0  0  0  0  0  0  0  0
    3.7548   -2.4825    0.0000 C   0  0  0  0  0  0  0  0  0  0  0  0
    2.6401   -1.4788    0.0000 C   0  0  0  0  0  0  0  0  0  0  0  0
    1.2135   -1.9423    0.0000 N   0  0  0  0  0  0  0  0  0  0  0  0
    0.7500   -3.3689    0.0000 C   0  0  0  0  0  0  0  0  0  0  0  0
    1.6317   -4.5824    0.0000 C   0  0  0  0  0  0  0  0  0  0  0  0
   -0.7500   -3.3689    0.0000 N   0  0  0  0  0  0  0  0  0  0  0  0
   -1.6317   -4.5824    0.0000 C   0  0  0  0  0  0  0  0  0  0  0  0
   -3.1235   -4.4257    0.0000 C   0  0  0  0  0  0  0  0  0  0  0  0
   -4.0051   -5.6392    0.0000 C   0  0  0  0  0  0  0  0  0  0  0  0
   -3.3950   -7.0095    0.0000 C   0  0  0  0  0  0  0  0  0  0  0  0
   -4.2767   -8.2230    0.0000 C   0  0  0  0  0  0  0  0  0  0  0  0
   -5.1584   -9.4366    0.0000 N   0  0  0  0  0  0  0  0  0  0  0  0
   -1.9033   -7.1663    0.0000 C   0  0  0  0  0  0  0  0  0  0  0  0
   -1.2931   -8.5366    0.0000 C   0  0  0  0  0  0  0  0  0  0  0  0
   -0.6830   -9.9069    0.0000 F   0  0  0  0  0  0  0  0  0  0  0  0
    0.0772   -7.9265    0.0000 F   0  0  0  0  0  0  0  0  0  0  0  0
   -2.6635   -9.1467    0.0000 F   0  0  0  0  0  0  0  0  0  0  0  0
   -1.0216   -5.9528    0.0000 C   0  0  0  0  0  0  0  0  0  0  0  0
   -1.2135   -1.9423    0.0000 C   0  0  0  0  0  0  0  0  0  0  0  0
   -2.6401   -1.4788    0.0000 O   0  0  0  0  0  0  0  0  0  0  0  0
   -0.0000   -1.0607    0.0000 C   0  0  0  0  0  0  0  0  0  0  0  0
    1.0607    0.0000    0.0000 C   0  0  0  0  0  0  0  0  0  0  0  0
    0.0000    1.0607    0.0000 C   0  0  0  0  0  0  0  0  0  0  0  0
   -1.0607    0.0000    0.0000 C   0  0  0  0  0  0  0  0  0  0  0  0
    2.9520   -0.0116    0.0000 C   0  0  0  0  0  0  0  0  0  0  0  0
    4.3786    0.4519    0.0000 C   0  0  0  0  0  0  0  0  0  0  0  0
  1  2  1  0
  1  3  2  0
  3  4  1  0
  4  5  2  0
  5  6  1  0
  6  7  1  0
  7  8  2  0
  7  9  1  0
  9 10  1  0
 10 11  2  0
 11 12  1  0
 12 13  2  0
 13 14  1  0
 14 15  3  0
 13 16  1  0
 16 17  1  0
 17 18  1  0
 17 19  1  0
 17 20  1  0
 16 21  2  0
  9 22  1  0
 22 23  2  0
 22 24  1  0
 24 25  1  0
 25 26  1  0
 26 27  1  0
  5 28  1  0
 28 29  2  0
 29  1  1  0
 24  6  1  0
 21 10  1  0
 27 24  1  0
M  END
$$$$

     RDKit          2D

 30 33  0  0  0  0  0  0  0  0999 V2000
    5.4933   -0.5518    0.0000 C   0  0  0  0  0  0  0  0  0  0  0  0
    6.9199   -0.0882    0.0000 R   0  0  0  0  0  1  0  0  0  0  0  0
    5.1814   -2.0190    0.0000 C   0  0  0  0  0  0  0  0  0  0  0  0
    3.7548   -2.4825    0.0000 C   0  0  0  0  0  0  0  0  0  0  0  0
    2.6401   -1.4788    0.0000 C   0  0  0  0  0  0  0  0  0  0  0  0
    1.2135   -1.9423    0.0000 N   0  0  0  0  0  0  0  0  0  0  0  0
    0.7500   -3.3689    0.0000 C   0  0  0  0  0  0  0  0  0  0  0  0
    1.6317   -4.5824    0.0000 C   0  0  0  0  0  0  0  0  0  0  0  0
   -0.7500   -3.3689    0.0000 N   0  0  0  0  0  0  0  0  0  0  0  0
   -1.6317   -4.5824    0.0000 C   0  0  0  0  0  0  0  0  0  0  0  0
   -3.1235   -4.4257    0.0000 C   0  0  0  0  0  0  0  0  0  0  0  0
   -4.0051   -5.6392    0.0000 C   0  0  0  0  0  0  0  0  0  0  0  0
   -3.3950   -7.0095    0.0000 C   0  0  0  0  0  0  0  0  0  0  0  0
   -4.2767   -8.2230    0.0000 C   0  0  0  0  0  0  0  0  0  0  0  0
   -5.1584   -9.4366    0.0000 N   0  0  0  0  0  0  0  0  0  0  0  0
   -1.9033   -7.1663    0.0000 C   0  0  0  0  0  0  0  0  0  0  0  0
   -1.2931   -8.5366    0.0000 C   0  0  0  0  0  0  0  0  0  0  0  0
   -0.6830   -9.9069    0.0000 F   0  0  0  0  0  0  0  0  0  0  0  0
    0.0772   -7.9265    0.0000 F   0  0  0  0  0  0  0  0  0  0  0  0
   -2.6635   -9.1467    0.0000 F   0  0  0  0  0  0  0  0  0  0  0  0
   -1.0216   -5.9528    0.0000 C   0  0  0  0  0  0  0  0  0  0  0  0
   -1.2135   -1.9423    0.0000 C   0  0  0  0  0  0  0  0  0  0  0  0
   -2.6401   -1.4788    0.0000 O   0  0  0  0  0  0  0  0  0  0  0  0
   -0.0000   -1.0607    0.0000 C   0  0  0  0  0  0  0  0  0  0  0  0
    1.0607    0.0000    0.0000 C   0  0  0  0  0  0  0  0  0  0  0  0
    0.0000    1.0607    0.0000 C   0  0  0  0  0  0  0  0  0  0  0  0
   -1.0607    0.0000    0.0000 C   0  0  0  0  0  0  0  0  0  0  0  0
    2.9520   -0.0116    0.0000 C   0  0  0  0  0  0  0  0  0  0  0  0
    1.8373    0.9921    0.0000 R   0  0  0  0  0  1  0  0  0  0  0  0
    4.3786    0.4519    0.0000 C   0  0  0  0  0  0  0  0  0  0  0  0
  1  2  1  0
  1  3  2  0
  3  4  1  0
  4  5  2  0
  5  6  1  0
  6  7  1  0
  7  8  2  0
  7  9  1  0
  9 10  1  0
 10 11  2  0
 11 12  1  0
 12 13  2  0
 13 14  1  0
 14 15  3  0
 13 16  1  0
 16 17  1  0
 17 18  1  0
 17 19  1  0
 17 20  1  0
 16 21  2  0
  9 22  1  0
 22 23  2  0
 22 24  1  0
 24 25  1  0
 25 26  1  0
 26 27  1  0
  5 28  1  0
 28 29  1  0
 28 30  2  0
 30  1  1  0
 24  6  1  0
 21 10  1  0
 27 24  1  0
M  END
$$$$

     RDKit          2D

 29 32  0  0  0  0  0  0  0  0999 V2000
    5.4933   -0.5518    0.0000 C   0  0  0  0  0  0  0  0  0  0  0  0
    6.9199   -0.0882    0.0000 R   0  0  0  0  0  1  0  0  0  0  0  0
    5.1814   -2.0190    0.0000 C   0  0  0  0  0  0  0  0  0  0  0  0
    3.7548   -2.4825    0.0000 C   0  0  0  0  0  0  0  0  0  0  0  0
    2.6401   -1.4788    0.0000 C   0  0  0  0  0  0  0  0  0  0  0  0
    1.2135   -1.9423    0.0000 N   0  0  0  0  0  0  0  0  0  0  0  0
    0.7500   -3.3689    0.0000 C   0  0  0  0  0  0  0  0  0  0  0  0
    1.6317   -4.5824    0.0000 C   0  0  0  0  0  0  0  0  0  0  0  0
   -0.7500   -3.3689    0.0000 N   0  0  0  0  0  0  0  0  0  0  0  0
   -1.6317   -4.5824    0.0000 C   0  0  0  0  0  0  0  0  0  0  0  0
   -3.1235   -4.4257    0.0000 C   0  0  0  0  0  0  0  0  0  0  0  0
   -4.0051   -5.6392    0.0000 C   0  0  0  0  0  0  0  0  0  0  0  0
   -3.3950   -7.0095    0.0000 C   0  0  0  0  0  0  0  0  0  0  0  0
   -4.2767   -8.2230    0.0000 C   0  0  0  0  0  0  0  0  0  0  0  0
   -5.1584   -9.4366    0.0000 N   0  0  0  0  0  0  0  0  0  0  0  0
   -1.9033   -7.1663    0.0000 C   0  0  0  0  0  0  0  0  0  0  0  0
   -1.2931   -8.5366    0.0000 C   0  0  0  0  0  0  0  0  0  0  0  0
   -0.6830   -9.9069    0.0000 F   0  0  0  0  0  0  0  0  0  0  0  0
    0.0772   -7.9265    0.0000 F   0  0  0  0  0  0  0  0  0  0  0  0
   -2.6635   -9.1467    0.0000 F   0  0  0  0  0  0  0  0  0  0  0  0
   -1.0216   -5.9528    0.0000 C   0  0  0  0  0  0  0  0  0  0  0  0
   -1.2135   -1.9423    0.0000 C   0  0  0  0  0  0  0  0  0  0  0  0
   -2.6401   -1.4788    0.0000 O   0  0  0  0  0  0  0  0  0  0  0  0
   -0.0000   -1.0607    0.0000 C   0  0  0  0  0  0  0  0  0  0  0  0
    1.0607    0.0000    0.0000 C   0  0  0  0  0  0  0  0  0  0  0  0
    0.0000    1.0607    0.0000 C   0  0  0  0  0  0  0  0  0  0  0  0
   -1.0607    0.0000    0.0000 C   0  0  0  0  0  0  0  0  0  0  0  0
    2.9520   -0.0116    0.0000 C   0  0  0  0  0  0  0  0  0  0  0  0
    4.3786    0.4519    0.0000 C   0  0  0  0  0  0  0  0  0  0  0  0
  1  2  1  0
  1  3  2  0
  3  4  1  0
  4  5  2  0
  5  6  1  0
  6  7  1  0
  7  8  2  0
  7  9  1  0
  9 10  1  0
 10 11  2  0
 11 12  1  0
 12 13  2  0
 13 14  1  0
 14 15  3  0
 13 16  1  0
 16 17  1  0
 17 18  1  0
 17 19  1  0
 17 20  1  0
 16 21  2  0
  9 22  1  0
 22 23  2  0
 22 24  1  0
 24 25  1  0
 25 26  1  0
 26 27  1  0
  5 28  1  0
 28 29  2  0
 29  1  1  0
 24  6  1  0
 21 10  1  0
 27 24  1  0
M  END
$$$$

     RDKit          2D

 29 32  0  0  0  0  0  0  0  0999 V2000
    5.4933   -0.5518    0.0000 C   0  0  0  0  0  0  0  0  0  0  0  0
    6.9199   -0.0882    0.0000 R   0  0  0  0  0  1  0  0  0  0  0  0
    5.1814   -2.0190    0.0000 C   0  0  0  0  0  0  0  0  0  0  0  0
    3.7548   -2.4825    0.0000 C   0  0  0  0  0  0  0  0  0  0  0  0
    2.6401   -1.4788    0.0000 C   0  0  0  0  0  0  0  0  0  0  0  0
    1.2135   -1.9423    0.0000 N   0  0  0  0  0  0  0  0  0  0  0  0
    0.7500   -3.3689    0.0000 C   0  0  0  0  0  0  0  0  0  0  0  0
    1.6317   -4.5824    0.0000 C   0  0  0  0  0  0  0  0  0  0  0  0
   -0.7500   -3.3689    0.0000 N   0  0  0  0  0  0  0  0  0  0  0  0
   -1.6317   -4.5824    0.0000 C   0  0  0  0  0  0  0  0  0  0  0  0
   -3.1235   -4.4257    0.0000 C   0  0  0  0  0  0  0  0  0  0  0  0
   -4.0051   -5.6392    0.0000 C   0  0  0  0  0  0  0  0  0  0  0  0
   -3.3950   -7.0095    0.0000 C   0  0  0  0  0  0  0  0  0  0  0  0
   -4.2767   -8.2230    0.0000 C   0  0  0  0  0  0  0  0  0  0  0  0
   -5.1584   -9.4366    0.0000 N   0  0  0  0  0  0  0  0  0  0  0  0
   -1.9033   -7.1663    0.0000 C   0  0  0  0  0  0  0  0  0  0  0  0
   -1.2931   -8.5366    0.0000 C   0  0  0  0  0  0  0  0  0  0  0  0
   -0.6830   -9.9069    0.0000 F   0  0  0  0  0  0  0  0  0  0  0  0
    0.0772   -7.9265    0.0000 F   0  0  0  0  0  0  0  0  0  0  0  0
   -2.6635   -9.1467    0.0000 F   0  0  0  0  0  0  0  0  0  0  0  0
   -1.0216   -5.9528    0.0000 C   0  0  0  0  0  0  0  0  0  0  0  0
   -1.2135   -1.9423    0.0000 C   0  0  0  0  0  0  0  0  0  0  0  0
   -2.6401   -1.4788    0.0000 O   0  0  0  0  0  0  0  0  0  0  0  0
   -0.0000   -1.0607    0.0000 C   0  0  0  0  0  0  0  0  0  0  0  0
    1.0607    0.0000    0.0000 C   0  0  0  0  0  0  0  0  0  0  0  0
    0.0000    1.0607    0.0000 C   0  0  0  0  0  0  0  0  0  0  0  0
   -1.0607    0.0000    0.0000 C   0  0  0  0  0  0  0  0  0  0  0  0
    2.9520   -0.0116    0.0000 C   0  0  0  0  0  0  0  0  0  0  0  0
    4.3786    0.4519    0.0000 C   0  0  0  0  0  0  0  0  0  0  0  0
  1  2  1  0
  1  3  2  0
  3  4  1  0
  4  5  2  0
  5  6  1  0
  6  7  1  0
  7  8  2  0
  7  9  1  0
  9 10  1  0
 10 11  2  0
 11 12  1  0
 12 13  2  0
 13 14  1  0
 14 15  3  0
 13 16  1  0
 16 17  1  0
 17 18  1  0
 17 19  1  0
 17 20  1  0
 16 21  2  0
  9 22  1  0
 22 23  2  0
 22 24  1  0
 24 25  1  0
 25 26  1  0
 26 27  1  0
  5 28  1  0
 28 29  2  0
 29  1  1  0
 24  6  1  0
 21 10  1  0
 27 24  1  0
M  END
$$$$

     RDKit          2D

 29 32  0  0  0  0  0  0  0  0999 V2000
    5.4933   -0.5518    0.0000 C   0  0  0  0  0  0  0  0  0  0  0  0
    6.9199   -0.0882    0.0000 R   0  0  0  0  0  1  0  0  0  0  0  0
    5.1814   -2.0190    0.0000 C   0  0  0  0  0  0  0  0  0  0  0  0
    3.7548   -2.4825    0.0000 C   0  0  0  0  0  0  0  0  0  0  0  0
    2.6401   -1.4788    0.0000 C   0  0  0  0  0  0  0  0  0  0  0  0
    1.2135   -1.9423    0.0000 N   0  0  0  0  0  0  0  0  0  0  0  0
    0.7500   -3.3689    0.0000 C   0  0  0  0  0  0  0  0  0  0  0  0
    1.6317   -4.5824    0.0000 C   0  0  0  0  0  0  0  0  0  0  0  0
   -0.7500   -3.3689    0.0000 N   0  0  0  0  0  0  0  0  0  0  0  0
   -1.6317   -4.5824    0.0000 C   0  0  0  0  0  0  0  0  0  0  0  0
   -3.1235   -4.4257    0.0000 C   0  0  0  0  0  0  0  0  0  0  0  0
   -4.0051   -5.6392    0.0000 C   0  0  0  0  0  0  0  0  0  0  0  0
   -3.3950   -7.0095    0.0000 C   0  0  0  0  0  0  0  0  0  0  0  0
   -4.2767   -8.2230    0.0000 C   0  0  0  0  0  0  0  0  0  0  0  0
   -5.1584   -9.4366    0.0000 N   0  0  0  0  0  0  0  0  0  0  0  0
   -1.9033   -7.1663    0.0000 C   0  0  0  0  0  0  0  0  0  0  0  0
   -1.2931   -8.5366    0.0000 C   0  0  0  0  0  0  0  0  0  0  0  0
   -0.6830   -9.9069    0.0000 F   0  0  0  0  0  0  0  0  0  0  0  0
    0.0772   -7.9265    0.0000 F   0  0  0  0  0  0  0  0  0  0  0  0
   -2.6635   -9.1467    0.0000 F   0  0  0  0  0  0  0  0  0  0  0  0
   -1.0216   -5.9528    0.0000 C   0  0  0  0  0  0  0  0  0  0  0  0
   -1.2135   -1.9423    0.0000 C   0  0  0  0  0  0  0  0  0  0  0  0
   -2.6401   -1.4788    0.0000 O   0  0  0  0  0  0  0  0  0  0  0  0
   -0.0000   -1.0607    0.0000 C   0  0  0  0  0  0  0  0  0  0  0  0
    1.0607    0.0000    0.0000 C   0  0  0  0  0  0  0  0  0  0  0  0
    0.0000    1.0607    0.0000 C   0  0  0  0  0  0  0  0  0  0  0  0
   -1.0607    0.0000    0.0000 C   0  0  0  0  0  0  0  0  0  0  0  0
    2.9520   -0.0116    0.0000 C   0  0  0  0  0  0  0  0  0  0  0  0
    4.3786    0.4519    0.0000 C   0  0  0  0  0  0  0  0  0  0  0  0
  1  2  1  0
  1  3  2  0
  3  4  1  0
  4  5  2  0
  5  6  1  0
  6  7  1  0
  7  8  2  0
  7  9  1  0
  9 10  1  0
 10 11  2  0
 11 12  1  0
 12 13  2  0
 13 14  1  0
 14 15  3  0
 13 16  1  0
 16 17  1  0
 17 18  1  0
 17 19  1  0
 17 20  1  0
 16 21  2  0
  9 22  1  0
 22 23  2  0
 22 24  1  0
 24 25  1  0
 25 26  1  0
 26 27  1  0
  5 28  1  0
 28 29  2  0
 29  1  1  0
 24  6  1  0
 21 10  1  0
 27 24  1  0
M  END
$$$$

     RDKit          2D

 29 32  0  0  0  0  0  0  0  0999 V2000
    5.4933   -0.5518    0.0000 C   0  0  0  0  0  0  0  0  0  0  0  0
    6.9199   -0.0882    0.0000 R   0  0  0  0  0  1  0  0  0  0  0  0
    5.1814   -2.0190    0.0000 C   0  0  0  0  0  0  0  0  0  0  0  0
    3.7548   -2.4825    0.0000 C   0  0  0  0  0  0  0  0  0  0  0  0
    2.6401   -1.4788    0.0000 C   0  0  0  0  0  0  0  0  0  0  0  0
    1.2135   -1.9423    0.0000 N   0  0  0  0  0  0  0  0  0  0  0  0
    0.7500   -3.3689    0.0000 C   0  0  0  0  0  0  0  0  0  0  0  0
    1.6317   -4.5824    0.0000 C   0  0  0  0  0  0  0  0  0  0  0  0
   -0.7500   -3.3689    0.0000 N   0  0  0  0  0  0  0  0  0  0  0  0
   -1.6317   -4.5824    0.0000 C   0  0  0  0  0  0  0  0  0  0  0  0
   -3.1235   -4.4257    0.0000 C   0  0  0  0  0  0  0  0  0  0  0  0
   -4.0051   -5.6392    0.0000 C   0  0  0  0  0  0  0  0  0  0  0  0
   -3.3950   -7.0095    0.0000 C   0  0  0  0  0  0  0  0  0  0  0  0
   -4.2767   -8.2230    0.0000 C   0  0  0  0  0  0  0  0  0  0  0  0
   -5.1584   -9.4366    0.0000 N   0  0  0  0  0  0  0  0  0  0  0  0
   -1.9033   -7.1663    0.0000 C   0  0  0  0  0  0  0  0  0  0  0  0
   -1.2931   -8.5366    0.0000 C   0  0  0  0  0  0  0  0  0  0  0  0
   -0.6830   -9.9069    0.0000 F   0  0  0  0  0  0  0  0  0  0  0  0
    0.0772   -7.9265    0.0000 F   0  0  0  0  0  0  0  0  0  0  0  0
   -2.6635   -9.1467    0.0000 F   0  0  0  0  0  0  0  0  0  0  0  0
   -1.0216   -5.9528    0.0000 C   0  0  0  0  0  0  0  0  0  0  0  0
   -1.2135   -1.9423    0.0000 C   0  0  0  0  0  0  0  0  0  0  0  0
   -2.6401   -1.4788    0.0000 O   0  0  0  0  0  0  0  0  0  0  0  0
   -0.0000   -1.0607    0.0000 C   0  0  0  0  0  0  0  0  0  0  0  0
    1.0607    0.0000    0.0000 C   0  0  0  0  0  0  0  0  0  0  0  0
    0.0000    1.0607    0.0000 C   0  0  0  0  0  0  0  0  0  0  0  0
   -1.0607    0.0000    0.0000 C   0  0  0  0  0  0  0  0  0  0  0  0
    2.9520   -0.0116    0.0000 C   0  0  0  0  0  0  0  0  0  0  0  0
    4.3786    0.4519    0.0000 C   0  0  0  0  0  0  0  0  0  0  0  0
  1  2  1  0
  1  3  2  0
  3  4  1  0
  4  5  2  0
  5  6  1  0
  6  7  1  0
  7  8  2  0
  7  9  1  0
  9 10  1  0
 10 11  2  0
 11 12  1  0
 12 13  2  0
 13 14  1  0
 14 15  3  0
 13 16  1  0
 16 17  1  0
 17 18  1  0
 17 19  1  0
 17 20  1  0
 16 21  2  0
  9 22  1  0
 22 23  2  0
 22 24  1  0
 24 25  1  0
 25 26  1  0
 26 27  1  0
  5 28  1  0
 28 29  2  0
 29  1  1  0
 24  6  1  0
 21 10  1  0
 27 24  1  0
M  END
$$$$

     RDKit          2D

 29 32  0  0  0  0  0  0  0  0999 V2000
    5.4933   -0.5518    0.0000 C   0  0  0  0  0  0  0  0  0  0  0  0
    6.9199   -0.0882    0.0000 R   0  0  0  0  0  1  0  0  0  0  0  0
    5.1814   -2.0190    0.0000 C   0  0  0  0  0  0  0  0  0  0  0  0
    3.7548   -2.4825    0.0000 C   0  0  0  0  0  0  0  0  0  0  0  0
    2.6401   -1.4788    0.0000 C   0  0  0  0  0  0  0  0  0  0  0  0
    1.2135   -1.9423    0.0000 N   0  0  0  0  0  0  0  0  0  0  0  0
    0.7500   -3.3689    0.0000 C   0  0  0  0  0  0  0  0  0  0  0  0
    1.6317   -4.5824    0.0000 C   0  0  0  0  0  0  0  0  0  0  0  0
   -0.7500   -3.3689    0.0000 N   0  0  0  0  0  0  0  0  0  0  0  0
   -1.6317   -4.5824    0.0000 C   0  0  0  0  0  0  0  0  0  0  0  0
   -3.1235   -4.4257    0.0000 C   0  0  0  0  0  0  0  0  0  0  0  0
   -4.0051   -5.6392    0.0000 C   0  0  0  0  0  0  0  0  0  0  0  0
   -3.3950   -7.0095    0.0000 C   0  0  0  0  0  0  0  0  0  0  0  0
   -4.2767   -8.2230    0.0000 C   0  0  0  0  0  0  0  0  0  0  0  0
   -5.1584   -9.4366    0.0000 N   0  0  0  0  0  0  0  0  0  0  0  0
   -1.9033   -7.1663    0.0000 C   0  0  0  0  0  0  0  0  0  0  0  0
   -1.2931   -8.5366    0.0000 C   0  0  0  0  0  0  0  0  0  0  0  0
   -0.6830   -9.9069    0.0000 F   0  0  0  0  0  0  0  0  0  0  0  0
    0.0772   -7.9265    0.0000 F   0  0  0  0  0  0  0  0  0  0  0  0
   -2.6635   -9.1467    0.0000 F   0  0  0  0  0  0  0  0  0  0  0  0
   -1.0216   -5.9528    0.0000 C   0  0  0  0  0  0  0  0  0  0  0  0
   -1.2135   -1.9423    0.0000 C   0  0  0  0  0  0  0  0  0  0  0  0
   -2.6401   -1.4788    0.0000 O   0  0  0  0  0  0  0  0  0  0  0  0
   -0.0000   -1.0607    0.0000 C   0  0  0  0  0  0  0  0  0  0  0  0
    1.0607    0.0000    0.0000 C   0  0  0  0  0  0  0  0  0  0  0  0
    0.0000    1.0607    0.0000 C   0  0  0  0  0  0  0  0  0  0  0  0
   -1.0607    0.0000    0.0000 C   0  0  0  0  0  0  0  0  0  0  0  0
    2.9520   -0.0116    0.0000 C   0  0  0  0  0  0  0  0  0  0  0  0
    4.3786    0.4519    0.0000 C   0  0  0  0  0  0  0  0  0  0  0  0
  1  2  1  0
  1  3  2  0
  3  4  1  0
  4  5  2  0
  5  6  1  0
  6  7  1  0
  7  8  2  0
  7  9  1  0
  9 10  1  0
 10 11  2  0
 11 12  1  0
 12 13  2  0
 13 14  1  0
 14 15  3  0
 13 16  1  0
 16 17  1  0
 17 18  1  0
 17 19  1  0
 17 20  1  0
 16 21  2  0
  9 22  1  0
 22 23  2  0
 22 24  1  0
 24 25  1  0
 25 26  1  0
 26 27  1  0
  5 28  1  0
 28 29  2  0
 29  1  1  0
 24  6  1  0
 21 10  1  0
 27 24  1  0
M  END
$$$$

     RDKit          2D

 29 32  0  0  0  0  0  0  0  0999 V2000
    5.4933   -0.5518    0.0000 C   0  0  0  0  0  0  0  0  0  0  0  0
    6.9199   -0.0882    0.0000 R   0  0  0  0  0  1  0  0  0  0  0  0
    5.1814   -2.0190    0.0000 C   0  0  0  0  0  0  0  0  0  0  0  0
    3.7548   -2.4825    0.0000 C   0  0  0  0  0  0  0  0  0  0  0  0
    2.6401   -1.4788    0.0000 C   0  0  0  0  0  0  0  0  0  0  0  0
    1.2135   -1.9423    0.0000 N   0  0  0  0  0  0  0  0  0  0  0  0
    0.7500   -3.3689    0.0000 C   0  0  0  0  0  0  0  0  0  0  0  0
    1.6317   -4.5824    0.0000 C   0  0  0  0  0  0  0  0  0  0  0  0
   -0.7500   -3.3689    0.0000 N   0  0  0  0  0  0  0  0  0  0  0  0
   -1.6317   -4.5824    0.0000 C   0  0  0  0  0  0  0  0  0  0  0  0
   -3.1235   -4.4257    0.0000 C   0  0  0  0  0  0  0  0  0  0  0  0
   -4.0051   -5.6392    0.0000 C   0  0  0  0  0  0  0  0  0  0  0  0
   -3.3950   -7.0095    0.0000 C   0  0  0  0  0  0  0  0  0  0  0  0
   -4.2767   -8.2230    0.0000 C   0  0  0  0  0  0  0  0  0  0  0  0
   -5.1584   -9.4366    0.0000 N   0  0  0  0  0  0  0  0  0  0  0  0
   -1.9033   -7.1663    0.0000 C   0  0  0  0  0  0  0  0  0  0  0  0
   -1.2931   -8.5366    0.0000 C   0  0  0  0  0  0  0  0  0  0  0  0
   -0.6830   -9.9069    0.0000 F   0  0  0  0  0  0  0  0  0  0  0  0
    0.0772   -7.9265    0.0000 F   0  0  0  0  0  0  0  0  0  0  0  0
   -2.6635   -9.1467    0.0000 F   0  0  0  0  0  0  0  0  0  0  0  0
   -1.0216   -5.9528    0.0000 C   0  0  0  0  0  0  0  0  0  0  0  0
   -1.2135   -1.9423    0.0000 C   0  0  0  0  0  0  0  0  0  0  0  0
   -2.6401   -1.4788    0.0000 O   0  0  0  0  0  0  0  0  0  0  0  0
   -0.0000   -1.0607    0.0000 C   0  0  0  0  0  0  0  0  0  0  0  0
    1.0607    0.0000    0.0000 C   0  0  0  0  0  0  0  0  0  0  0  0
    0.0000    1.0607    0.0000 C   0  0  0  0  0  0  0  0  0  0  0  0
   -1.0607    0.0000    0.0000 C   0  0  0  0  0  0  0  0  0  0  0  0
    2.9520   -0.0116    0.0000 C   0  0  0  0  0  0  0  0  0  0  0  0
    4.3786    0.4519    0.0000 C   0  0  0  0  0  0  0  0  0  0  0  0
  1  2  1  0
  1  3  2  0
  3  4  1  0
  4  5  2  0
  5  6  1  0
  6  7  1  0
  7  8  2  0
  7  9  1  0
  9 10  1  0
 10 11  2  0
 11 12  1  0
 12 13  2  0
 13 14  1  0
 14 15  3  0
 13 16  1  0
 16 17  1  0
 17 18  1  0
 17 19  1  0
 17 20  1  0
 16 21  2  0
  9 22  1  0
 22 23  2  0
 22 24  1  0
 24 25  1  0
 25 26  1  0
 26 27  1  0
  5 28  1  0
 28 29  2  0
 29  1  1  0
 24  6  1  0
 21 10  1  0
 27 24  1  0
M  END
$$$$

     RDKit          2D

 30 33  0  0  0  0  0  0  0  0999 V2000
    5.4933   -0.5518    0.0000 C   0  0  0  0  0  0  0  0  0  0  0  0
    6.9199   -0.0882    0.0000 R   0  0  0  0  0  1  0  0  0  0  0  0
    5.1814   -2.0190    0.0000 C   0  0  0  0  0  0  0  0  0  0  0  0
    3.7548   -2.4825    0.0000 C   0  0  0  0  0  0  0  0  0  0  0  0
    2.6401   -1.4788    0.0000 C   0  0  0  0  0  0  0  0  0  0  0  0
    1.2135   -1.9423    0.0000 N   0  0  0  0  0  0  0  0  0  0  0  0
    0.7500   -3.3689    0.0000 C   0  0  0  0  0  0  0  0  0  0  0  0
    1.6317   -4.5824    0.0000 C   0  0  0  0  0  0  0  0  0  0  0  0
   -0.7500   -3.3689    0.0000 N   0  0  0  0  0  0  0  0  0  0  0  0
   -1.6317   -4.5824    0.0000 C   0  0  0  0  0  0  0  0  0  0  0  0
   -3.1235   -4.4257    0.0000 C   0  0  0  0  0  0  0  0  0  0  0  0
   -4.0051   -5.6392    0.0000 C   0  0  0  0  0  0  0  0  0  0  0  0
   -3.3950   -7.0095    0.0000 C   0  0  0  0  0  0  0  0  0  0  0  0
   -4.2767   -8.2230    0.0000 C   0  0  0  0  0  0  0  0  0  0  0  0
   -5.1584   -9.4366    0.0000 N   0  0  0  0  0  0  0  0  0  0  0  0
   -1.9033   -7.1663    0.0000 C   0  0  0  0  0  0  0  0  0  0  0  0
   -1.2931   -8.5366    0.0000 C   0  0  0  0  0  0  0  0  0  0  0  0
   -0.6830   -9.9069    0.0000 F   0  0  0  0  0  0  0  0  0  0  0  0
    0.0772   -7.9265    0.0000 F   0  0  0  0  0  0  0  0  0  0  0  0
   -2.6635   -9.1467    0.0000 F   0  0  0  0  0  0  0  0  0  0  0  0
   -1.0216   -5.9528    0.0000 C   0  0  0  0  0  0  0  0  0  0  0  0
   -1.2135   -1.9423    0.0000 C   0  0  0  0  0  0  0  0  0  0  0  0
   -2.6401   -1.4788    0.0000 O   0  0  0  0  0  0  0  0  0  0  0  0
   -0.0000   -1.0607    0.0000 C   0  0  0  0  0  0  0  0  0  0  0  0
    1.0607    0.0000    0.0000 C   0  0  0  0  0  0  0  0  0  0  0  0
    0.0000    1.0607    0.0000 C   0  0  0  0  0  0  0  0  0  0  0  0
   -1.0607    0.0000    0.0000 C   0  0  0  0  0  0  0  0  0  0  0  0
    2.9520   -0.0116    0.0000 C   0  0  0  0  0  0  0  0  0  0  0  0
    4.3786    0.4519    0.0000 C   0  0  0  0  0  0  0  0  0  0  0  0
    4.6904    1.9192    0.0000 R   0  0  0  0  0  1  0  0  0  0  0  0
  1  2  1  0
  1  3  2  0
  3  4  1  0
  4  5  2  0
  5  6  1  0
  6  7  1  0
  7  8  2  0
  7  9  1  0
  9 10  1  0
 10 11  2  0
 11 12  1  0
 12 13  2  0
 13 14  1  0
 14 15  3  0
 13 16  1  0
 16 17  1  0
 17 18  1  0
 17 19  1  0
 17 20  1  0
 16 21  2  0
  9 22  1  0
 22 23  2  0
 22 24  1  0
 24 25  1  0
 25 26  1  0
 26 27  1  0
  5 28  1  0
 28 29  2  0
 29 30  1  0
 29  1  1  0
 24  6  1  0
 21 10  1  0
 27 24  1  0
M  END
$$$$

     RDKit          2D

 29 32  0  0  0  0  0  0  0  0999 V2000
    5.4933   -0.5518    0.0000 C   0  0  0  0  0  0  0  0  0  0  0  0
    6.9199   -0.0882    0.0000 R   0  0  0  0  0  1  0  0  0  0  0  0
    5.1814   -2.0190    0.0000 C   0  0  0  0  0  0  0  0  0  0  0  0
    3.7548   -2.4825    0.0000 C   0  0  0  0  0  0  0  0  0  0  0  0
    2.6401   -1.4788    0.0000 C   0  0  0  0  0  0  0  0  0  0  0  0
    1.2135   -1.9423    0.0000 N   0  0  0  0  0  0  0  0  0  0  0  0
    0.7500   -3.3689    0.0000 C   0  0  0  0  0  0  0  0  0  0  0  0
    1.6317   -4.5824    0.0000 C   0  0  0  0  0  0  0  0  0  0  0  0
   -0.7500   -3.3689    0.0000 N   0  0  0  0  0  0  0  0  0  0  0  0
   -1.6317   -4.5824    0.0000 C   0  0  0  0  0  0  0  0  0  0  0  0
   -3.1235   -4.4257    0.0000 C   0  0  0  0  0  0  0  0  0  0  0  0
   -4.0051   -5.6392    0.0000 C   0  0  0  0  0  0  0  0  0  0  0  0
   -3.3950   -7.0095    0.0000 C   0  0  0  0  0  0  0  0  0  0  0  0
   -4.2767   -8.2230    0.0000 C   0  0  0  0  0  0  0  0  0  0  0  0
   -5.1584   -9.4366    0.0000 N   0  0  0  0  0  0  0  0  0  0  0  0
   -1.9033   -7.1663    0.0000 C   0  0  0  0  0  0  0  0  0  0  0  0
   -1.2931   -8.5366    0.0000 C   0  0  0  0  0  0  0  0  0  0  0  0
   -0.6830   -9.9069    0.0000 F   0  0  0  0  0  0  0  0  0  0  0  0
    0.0772   -7.9265    0.0000 F   0  0  0  0  0  0  0  0  0  0  0  0
   -2.6635   -9.1467    0.0000 F   0  0  0  0  0  0  0  0  0  0  0  0
   -1.0216   -5.9528    0.0000 C   0  0  0  0  0  0  0  0  0  0  0  0
   -1.2135   -1.9423    0.0000 C   0  0  0  0  0  0  0  0  0  0  0  0
   -2.6401   -1.4788    0.0000 O   0  0  0  0  0  0  0  0  0  0  0  0
   -0.0000   -1.0607    0.0000 C   0  0  0  0  0  0  0  0  0  0  0  0
    1.0607    0.0000    0.0000 C   0  0  0  0  0  0  0  0  0  0  0  0
    0.0000    1.0607    0.0000 C   0  0  0  0  0  0  0  0  0  0  0  0
   -1.0607    0.0000    0.0000 C   0  0  0  0  0  0  0  0  0  0  0  0
    2.9520   -0.0116    0.0000 C   0  0  0  0  0  0  0  0  0  0  0  0
    4.3786    0.4519    0.0000 C   0  0  0  0  0  0  0  0  0  0  0  0
  1  2  1  0
  1  3  2  0
  3  4  1  0
  4  5  2  0
  5  6  1  0
  6  7  1  0
  7  8  2  0
  7  9  1  0
  9 10  1  0
 10 11  2  0
 11 12  1  0
 12 13  2  0
 13 14  1  0
 14 15  3  0
 13 16  1  0
 16 17  1  0
 17 18  1  0
 17 19  1  0
 17 20  1  0
 16 21  2  0
  9 22  1  0
 22 23  2  0
 22 24  1  0
 24 25  1  0
 25 26  1  0
 26 27  1  0
  5 28  1  0
 28 29  2  0
 29  1  1  0
 24  6  1  0
 21 10  1  0
 27 24  1  0
M  END
$$$$

     RDKit          2D

 29 32  0  0  0  0  0  0  0  0999 V2000
    5.4933   -0.5518    0.0000 C   0  0  0  0  0  0  0  0  0  0  0  0
    6.9199   -0.0882    0.0000 R   0  0  0  0  0  1  0  0  0  0  0  0
    5.1814   -2.0190    0.0000 C   0  0  0  0  0  0  0  0  0  0  0  0
    3.7548   -2.4825    0.0000 C   0  0  0  0  0  0  0  0  0  0  0  0
    2.6401   -1.4788    0.0000 C   0  0  0  0  0  0  0  0  0  0  0  0
    1.2135   -1.9423    0.0000 N   0  0  0  0  0  0  0  0  0  0  0  0
    0.7500   -3.3689    0.0000 C   0  0  0  0  0  0  0  0  0  0  0  0
    1.6317   -4.5824    0.0000 C   0  0  0  0  0  0  0  0  0  0  0  0
   -0.7500   -3.3689    0.0000 N   0  0  0  0  0  0  0  0  0  0  0  0
   -1.6317   -4.5824    0.0000 C   0  0  0  0  0  0  0  0  0  0  0  0
   -3.1235   -4.4257    0.0000 C   0  0  0  0  0  0  0  0  0  0  0  0
   -4.0051   -5.6392    0.0000 C   0  0  0  0  0  0  0  0  0  0  0  0
   -3.3950   -7.0095    0.0000 C   0  0  0  0  0  0  0  0  0  0  0  0
   -4.2767   -8.2230    0.0000 C   0  0  0  0  0  0  0  0  0  0  0  0
   -5.1584   -9.4366    0.0000 N   0  0  0  0  0  0  0  0  0  0  0  0
   -1.9033   -7.1663    0.0000 C   0  0  0  0  0  0  0  0  0  0  0  0
   -1.2931   -8.5366    0.0000 C   0  0  0  0  0  0  0  0  0  0  0  0
   -0.6830   -9.9069    0.0000 F   0  0  0  0  0  0  0  0  0  0  0  0
    0.0772   -7.9265    0.0000 F   0  0  0  0  0  0  0  0  0  0  0  0
   -2.6635   -9.1467    0.0000 F   0  0  0  0  0  0  0  0  0  0  0  0
   -1.0216   -5.9528    0.0000 C   0  0  0  0  0  0  0  0  0  0  0  0
   -1.2135   -1.9423    0.0000 C   0  0  0  0  0  0  0  0  0  0  0  0
   -2.6401   -1.4788    0.0000 O   0  0  0  0  0  0  0  0  0  0  0  0
   -0.0000   -1.0607    0.0000 C   0  0  0  0  0  0  0  0  0  0  0  0
    1.0607    0.0000    0.0000 C   0  0  0  0  0  0  0  0  0  0  0  0
    0.0000    1.0607    0.0000 C   0  0  0  0  0  0  0  0  0  0  0  0
   -1.0607    0.0000    0.0000 C   0  0  0  0  0  0  0  0  0  0  0  0
    2.9520   -0.0116    0.0000 C   0  0  0  0  0  0  0  0  0  0  0  0
    4.3786    0.4519    0.0000 C   0  0  0  0  0  0  0  0  0  0  0  0
  1  2  1  0
  1  3  2  0
  3  4  1  0
  4  5  2  0
  5  6  1  0
  6  7  1  0
  7  8  2  0
  7  9  1  0
  9 10  1  0
 10 11  2  0
 11 12  1  0
 12 13  2  0
 13 14  1  0
 14 15  3  0
 13 16  1  0
 16 17  1  0
 17 18  1  0
 17 19  1  0
 17 20  1  0
 16 21  2  0
  9 22  1  0
 22 23  2  0
 22 24  1  0
 24 25  1  0
 25 26  1  0
 26 27  1  0
  5 28  1  0
 28 29  2  0
 29  1  1  0
 24  6  1  0
 21 10  1  0
 27 24  1  0
M  END
$$$$

     RDKit          2D

 29 32  0  0  0  0  0  0  0  0999 V2000
    5.4933   -0.5518    0.0000 C   0  0  0  0  0  0  0  0  0  0  0  0
    6.9199   -0.0882    0.0000 R   0  0  0  0  0  1  0  0  0  0  0  0
    5.1814   -2.0190    0.0000 C   0  0  0  0  0  0  0  0  0  0  0  0
    3.7548   -2.4825    0.0000 C   0  0  0  0  0  0  0  0  0  0  0  0
    2.6401   -1.4788    0.0000 C   0  0  0  0  0  0  0  0  0  0  0  0
    1.2135   -1.9423    0.0000 N   0  0  0  0  0  0  0  0  0  0  0  0
    0.7500   -3.3689    0.0000 C   0  0  0  0  0  0  0  0  0  0  0  0
    1.6317   -4.5824    0.0000 C   0  0  0  0  0  0  0  0  0  0  0  0
   -0.7500   -3.3689    0.0000 N   0  0  0  0  0  0  0  0  0  0  0  0
   -1.6317   -4.5824    0.0000 C   0  0  0  0  0  0  0  0  0  0  0  0
   -3.1235   -4.4257    0.0000 C   0  0  0  0  0  0  0  0  0  0  0  0
   -4.0051   -5.6392    0.0000 C   0  0  0  0  0  0  0  0  0  0  0  0
   -3.3950   -7.0095    0.0000 C   0  0  0  0  0  0  0  0  0  0  0  0
   -4.2767   -8.2230    0.0000 C   0  0  0  0  0  0  0  0  0  0  0  0
   -5.1584   -9.4366    0.0000 N   0  0  0  0  0  0  0  0  0  0  0  0
   -1.9033   -7.1663    0.0000 C   0  0  0  0  0  0  0  0  0  0  0  0
   -1.2931   -8.5366    0.0000 C   0  0  0  0  0  0  0  0  0  0  0  0
   -0.6830   -9.9069    0.0000 F   0  0  0  0  0  0  0  0  0  0  0  0
    0.0772   -7.9265    0.0000 F   0  0  0  0  0  0  0  0  0  0  0  0
   -2.6635   -9.1467    0.0000 F   0  0  0  0  0  0  0  0  0  0  0  0
   -1.0216   -5.9528    0.0000 C   0  0  0  0  0  0  0  0  0  0  0  0
   -1.2135   -1.9423    0.0000 C   0  0  0  0  0  0  0  0  0  0  0  0
   -2.6401   -1.4788    0.0000 O   0  0  0  0  0  0  0  0  0  0  0  0
   -0.0000   -1.0607    0.0000 C   0  0  0  0  0  0  0  0  0  0  0  0
    1.0607    0.0000    0.0000 C   0  0  0  0  0  0  0  0  0  0  0  0
    0.0000    1.0607    0.0000 C   0  0  0  0  0  0  0  0  0  0  0  0
   -1.0607    0.0000    0.0000 C   0  0  0  0  0  0  0  0  0  0  0  0
    2.9520   -0.0116    0.0000 C   0  0  0  0  0  0  0  0  0  0  0  0
    4.3786    0.4519    0.0000 C   0  0  0  0  0  0  0  0  0  0  0  0
  1  2  1  0
  1  3  2  0
  3  4  1  0
  4  5  2  0
  5  6  1  0
  6  7  1  0
  7  8  2  0
  7  9  1  0
  9 10  1  0
 10 11  2  0
 11 12  1  0
 12 13  2  0
 13 14  1  0
 14 15  3  0
 13 16  1  0
 16 17  1  0
 17 18  1  0
 17 19  1  0
 17 20  1  0
 16 21  2  0
  9 22  1  0
 22 23  2  0
 22 24  1  0
 24 25  1  0
 25 26  1  0
 26 27  1  0
  5 28  1  0
 28 29  2  0
 29  1  1  0
 24  6  1  0
 21 10  1  0
 27 24  1  0
M  END
